17
   0  439  599  642  683  764  719  187  587  644  693  706  669  345 1024 324  734
 439    0  747  222  417  324  282  458  451  894  835  288  801  456  512 234  567
 599  747    0  805  594  969  972  414  416  211   96  837   70  567  693 567  567
 642  222  805    0  302  164  181  617  421  985  880   65  846  543  920 345  456
 683  417  594  302    0  444  480  575  178  798  649  297  616  432  495 325  867
 764  324  969  164  444    0   76  764  581 1149 1044  146 1010  234  536 345  457
 719  282  972  181  480   76    0  736  600 1143 1051  190 1017  546 1000 324  123
 187  458  414  617  575  764  736    0  444  483  509  673  484  789  394 1234 567
 587  451  416  421  178  581  600  444    0  619  475  438  441  987   99 975  2349
 644  894  211  985  798 1149 1143  483  619    0  211 1023  226  657  748 454  346
 693  835   96  880  649 1044 1051  509  475  211    0  907   34  474  379 568  3478
 706  288  837  65   297  146  190  673  438 1023  907    0  873  853  879 645  456
 669  801   70  846  616 1010 1017  484  441  226   34  873    0  638  656 678 1256
 345  456  567  543  432  234  546  789  987  657  474  853  638    0  947 435  535
1024  512  693  920  495  536  1000 394  99   748  379  879  656  947    0 568 934
 187  458  414  617  575  764  736  765  444  483  509  673  484  789  394  0  454
 587  451  416  421  178  581  600  444  434  619  475  438  441  987   99 345  0
